x = 5;


v = 7;


result = x + v;


lol = 420 + 69;

nothing = 5000-5000;